11100000101111011100101000100010010010110001001111100000001011101110100101111001110111001111110111110101000001010001000011111011
01000101011010010101100011100100110111001000101101001101010000100111001111010101001110001010111101101001000000011110100011101000
01101110001011010001100111011100000010110001010011010010111101001100011111010101111000010001110010001001100011110111100111011100
01011010111000110101010100010001001101001111101111010011001111101001100000101011111101010011011000101011011010010100111001100010
00011010011000100100011010110111000010100010011011000000000000011100101000011110001000110110111111111011011001001000111010010000
11011101100011010101101000100111111110111110111001000111111101110110010011111001000001111010010101010011100111011101111100110011
01001000111111010110001011000111010101010100001010011000101011101010011011110100011100111111101010001011110001000110011111011110
11110110000100111010111100100010100000010011100110010111101110101011000010011001010100100000010001100010010001100110110100101101
01001011101000110101100001001110011110101101101011101000100110011100010000011101011100000111011000100000110000011100111000010100
01011110110011100111001011000000000001101101100100101010000111110010111001101100111010100101001100010100110010111010000111111110
01111100101000100000101111010111101010110011011000111001111101011010010000000001000011000010010010100100101001111101111101000000
00110001000001011001001001011100001111111111101011110010010100110101001011010010011000001100010110011110011000111001011100101110
10110111010101100110100010000000110100000110111001111111111100000000100000011001001000000111111000100010110011111111011010110010
11011011101110001011100111111001011101010000010000110111101110010001111000110011010001100010011010011101100100110101101010011100
01001100111010110001011010100111101101011001101011010010101110100010100110110100101011110100100101011011010110001010110110101001
00101011011100101111101010110011110101100001111000110000110111001101011000000110001101111011110111100111011110111000010101100100
01101100101110110000101110010001011001100000000001101101011101101111011100000100101100000111001011011110010000100100100010101110
00111000011010101010100000110010100110111100100001011000001111011001001011111101110001001100000111110000010010111010100001010111
10001000000001110101001110011000101110101110011101100100110101110101111101111010001010110010011000100000000011100010000110100011
11000101110100111110101001110111001100100010000111000011010101110011010111100010100111110111010011110010010001110011110101100101
00011011111110001100110101001110001010101000011111001001010010010101110011110101011000110010101101010001001100101000011111111111
01111100010101001001111011011111001101111110001111101110011100110001000011000000011011100100011001110011010011100011110100111011
00111001111110101111010000100001011111101011100001000010100011101111111000000000001001111100101010010011010000110101101001110101
10100100101101110101000001011001001001011000100010101001101101100000011101111000101011110011000110101001000101000110001100011011
11101010101111011000100101110110110110110010000100000001101011100010001001001111000101101111000100010011000001001000101011101101
00011101010111101110000000110100001000001001000011100011101011111111010001111111010000101010010011111000010001000111010001001001
10111111011100011011100100111000101000100010110001111110010000001000100101000101111001010001010111011001101111000011100000101100
10011000101011010100010101110100101000000010011011111000100111111101101111000101100010001101111001111100110110111110110101110011
11111000010111010110101001010111111100110110010101000011001101111001001010011100011011010001111111111001011000010111100100000100
10000011110010000000111000000001100000010100111111001011100101110100000011001000000001110001011010010111011111101000101111100101
11111111111110110110100100110111011101000101000000110001010010011110011011100101100001101101011010111110110000000111110001100100
11010101110001001001100000001010101100011100111110100100001010001101101101110001000010010101000111011000000111111000010101001100
00101001011010100101001010100000001011001000011000010001100100100101001110110000100010110000001101100100000000100001101110000000
01100101001011000101010101011011001101001011111011000001000101001010110101001011111101010101110110010000110001000000000000000011
10110001000000100110011011110000100001101010000111100010010001010000101000101010001110010011100000100110000111101011011011000100
10101000011001100111011101010011101100011000100000001001111111000101000011001110111000110101001011100000100101101001011100011101
10110011101011010101010011001011011001110000010101011001010100110100101011000000111101111110110110111001101111111000111010000001
00011001100010100011101111110100010110001001010010010011001010110111011011110111001100010011110111001111001111110000010100001100
11010111001010010001010000000101010111011000000101010111101010010101000111110110111000100100110000010101101101110111111000101101
00101111000110111100000100111001110111110001100101111001101110011111111100111100101001111001110111011011100001100101111110100100
01010111110110000101100111100110110111000011001010000111110001100110100100000101001100001001111101010110111100100111110000101110
10101100010010100110011010101010101110010001010111111000010110001101010010111111110001111011110011010011101110110111110111000011
00000000111010011001010011011100111100011101001110110000001101101001001101100001100000101101111000001010101011110111101101111110
10011101010000001011010011011101100101101011000100111010010110110010101000111011001011101001011100101100011010100010110101100101
00101011101111111001010100110100111010111000011110110010000000001101111100011001000111000011101000101101101001101100100100101011
00010010011010100001000011000110111111110110001111101011000011001011111000000101011110011100011001110111110110100011010100110110
00010100011010010010100110001011011011011100010001111100101111001100011111010000001111111100010011111001000000110111000000000010
11100111011110010011111111011001111111011010110100010000101110111101010111010000001110100001011110000001100000110001101100111111
10110101001111011100011010110011110101000110100100111001010011100101001110011001101010001011100110100011111011010010111101001111
10101100111101110111100101100001001001101000101101001111011010011011000101101111100011000101100101010000010110111000001010100100
01000100101111110100011101101001110011100110010110100110101100001010001111101111111010011011010001111010001000100000010010011100
11010001010101000110101010110100011111001010111010011110101101000110111101011001010101011011001110101100010000101010101010110100
11101111110000010000100001011110100101010010011001101011000100100111100011010000100011010000110111101110100111001101111100100011
10111001101111101000000010011000000011011110000000101011100100100001000001101110001011101000010001001110000011000011100111110101
11100100010100100001010100110010000101101010110000100111111010001110100101000100010001100101011011101000101100011010011111110100
10001010111101111000111001001010001101110011100010101010011001110101101111100111010001001001001011101111011101010010011011110100
00110010100110011011011110011101101101101100110001100001001101100000100100100101111110101111101111110100111011100110111000000101
00000111001011001111100110000101011001100100101000111100010110100011001100111001010011011110110100101011110011100101101110111010
00101111101001111101100100010110001001001110101111110010100001110011010111110110001010001101011111011101100111001000111000010110
00010001011010011010101100111100011011100100000111010101000110110010000111011110010011011110101101110110100101110111101000111001
10010011000101101110010011010001110101101000111111011110010100010011101101011010110111001011101001111011101101101010100111101100
11000000101001001101100101111001110101100110101010110010010111101101010011101010010110111100101101111110110111010111011110110001
11010110001111100011010100010011000101001000110001010100010100010101001001111100100000001000001110000011001001001111111110010000
11011000001010000100110110101001000010000110100011101000100011111001110011111001000011100100010111011110001010011010011011001110
11011000111111011111100000000000111110010100001101010111101001001110011111010011110010011010010101011110101001001001111100001010
01010111011001111110110010001110110101100001110111011101000101110000101011001000111010001100110010011001100001110111000111000111
10011000111111100111100000100101111001101100111011000011111110101000011001110001010100000100110101011101011101100010001110110000
11111101011101100111000101010100010001011100011101001001101010111011000100111110001110101010101011001100010110111101001010000001
11110010101111111110111100011000010001100101010001001101100010000000111010101010010111011000101111010010101100001001011101001110
10110010001110101000010011111100000111001100011000110100101000001011011001111010010011000110111101001001000101110001011001001110
10111011110001110110010100110010110100110101111000101110010111001001111100011101010110100011110000011110111001111110101111011001
11100111000000111110011111001001010000011010110000000011111100011010100110111000010100101000100101110111111110011110110011010000
10110001100001100110101111100111100001011100101100001101101111011000100001100111111011110100001101100010111000010001110011100000
11100011001000010101000000101011000010100100110000001010110101110110010011001101101101010001111110001001110111000110110110101101
00001110101011100000100011110001011000011111010111101011001000111010110001100111100110110011100001010100100101000110111100100000
11110110100111110100100011110001001110100101100001010001001100000101011110001010100010001011001011010100011010111011000100001000
10011000010101101101110101010011001001111000100110001111000101100010001110011100101001110111010011010011000101001111100011001010
00100110001111000010111111110101111000000010000100011000101010000101001011001010100010101000000010110100000101101101110100001010
00000100001001111101101110001111010011010111100111001110110100000100100110111101001111110111101110110000110010000010011000001101
11000001011110101000001110110011100000100101000110110101010101111101010011001010000110110011101001011011010011110011110010101100
11100011000000001010100101101001001111100110111011111110101101100110111111101111011001001100110001010011001000011101000110000110
00110000101000000110111111110001000001001101110000111000101110101011001101110011111110001000111011001101011101100010101010110111
01111101100010100101000101001011110000011010101010000001010011100000111110111010101110010111010011110110011011101111110011010001
10110011001110111101001000100011000110111111011001011010010011111010011001011001000000101001011101100001111110100000010110111111
10100101110011101110100001010010010100000001101001110110101100010100100111000110011110110100111101001010001000111110000001101100
01011100011111001101001011011111100100101100011110001000010111011000100011001001100100100111011001000011010011110011011101000101
00110000101100111110110110100100110010001001000100010001100100001111100101010011001110010101010100100011100111001110111001101011
00110101101001000011010000000111010111010111000000101001000110000001101101111111010010001110111101110110000101001010101101000110
00011001100100000010001101100111011010011001101011101100010101110001110010110000000110101101011010000001001011100010001010011010
10001110011111100000010100000000010001111000110111110111101111011110001011010100010000101010101001001110001001100111100000110000
01100001011111001111010111110010000111000000100110101011101010011010000010010011111010100001000001001011001011011100010011010010
10110001100011010110001100101011000111010110001101111100001101011101101010001110000000101001110110001101000110011001010100000101
01010000110001110000101010110001111100100100111110100110011110110010111011101000011011010101000010011010101011101011011010001100
01101011011111111011111101001101101000000100100100000110111010110100111101010110110100000010111101100101111010111100110011000010
01010101111010010011010111100000100001011100100011100110101011001111001011001110100000001000110000010100111111001011011101010001
11101010100101000001000110001001011011000010100011011101110110011110111111110110100110001110110111001111101000000100010000001011
01001101010010101100010000011011100111100111100010101000001010011110001101111000010000111101100101100001001010111110010111000001
10110011001001000010011001001100010100101001011100011110100100000000100110010010001111101101100010001101010110001111100011010110
00110000110011101011000111011011100110011101000110001100101100100001100101100110011001111110110001101011000111011101100110011100
11000010000010111001001111111011011110011110100001010010111001001001111111001100111010100101010100001111011101101001000111001101
00010110000010100110111000011000000001001011000100000000001000001001100110100011001101011111010101000101011010111011110010011111
01000110110011100110011101110111010100010110101011001101101011110010011101001101010111100110000110011110010010111010000110001010
00011000111000100001100101110001110001000101010001011110010011001111001011011101001100100000010000101110100000000111110101000011
10110000111001001010111001000011110101101101011000000100000111110110001000110101100111010000111011101010101100111111100110001111
00010000111110111001101000000010111100001000111010111001001001011001001001011111110101001000110001100010001010111100001110110001
00111010101100101010101111011000111100111110111001000000100001110111101000100100001100001011011010110000100011101010011001101000
00111110101001111110001101101111101111101010010100001101101100001101111000111111001011111010001110010111011101011010100010100010
01110000111110110110001010110110011111100111100100111101000111001001010110111101100101100001110100100011110100011001000101111010
00111110000010111000001110011010000010100100111001010010000010110000010100110101101111010000100001011111111010000100101110011010
00001111000100000110000001111001010111111001100010000011010110101101110001000011100110101000111000001111000010111010001000110011
10011101110110101100010110101100101010000100001110110011001010101100000110011100001100000100011100000011101011100011101111011001
01111001110001011001000100000010001100011010111001100010110011011110111010100010011100000011100110111100011111110010110001000110
11110001000011111101110100001000101011111100000100000010101100011110000100111111010000010100111100011011000010000110001011010111
10010110101001001100010100110110110101011001001100111111101011100110001000000011000111110000100110010011001000110100000001100110
10001000010000100011100011110110100001011011100101111101100111000100010100010011100010001010111100010010000110111110001111001001
11001001101100010000001111101110000011010100111000111000011001001110101011111111100101111101000001011001101010100101001010100100
10001100111001000101111010111101000000110011011001011111000111111001010111010001000001100100010100110000011110001111000001110110
11010011110000111011010011001011011011001100110010001111011100000110110000110100000110111101001011010110001101101011001001001001
10001000110001111000011110000011110100010001000111100010001001111001100001110011100010110101110100010100110010001011110001100010
01011001010100101010000100100111001001001111010111010110001000110100010000010101001000010110000111001011001111100000100010010110
01001110010001010010101110101000101110110100100110010011001111010010110010001001011100100100100101101101101010100101101010010011
00111111001101001101011011111000010111110101110010010111111101101110110001101001100000101111000011100011011101111001111111110100
11010010111010000111000011111001010111100001011011001001000111111010101001011001010100110100011101100000011100111100100110011110
00010101000101100011100010110011110110110100101001111011100101001001000100010101011010110100110111101111010110000111011100100011
10011100101100111111001000110111011100100011100010000100010111100101110001010000001110111010111011010011111110011110010001011001
01110110101100110001011001100000110100100101001110010011100111001001010000101101100110100110101001001101000101010011101010101000
01000010101100110001011000011111100000101011001100011011000001010110111011001001110000101011100101011000101101001010001010101100
01000111001111000101101000001100100110000010111101010111001100010111011101100110010011100101100000101000000010100111111111010000
11100000001110111010110010011101001111110110100101110110010010011001111110011100011110110110110001001000010110011101000011011000
10101100010101101110100010111111101000001110011011101010001000010010001111101000100110011001000111101010010111001010000100011100
00011110110000110111110001000100010100010101101111001001101110011101011000011010100010000010111110000000010001011111101000000100
00111011101001001100101110001100111011111111110011110110011100000010011111110110110110101110101000001111000000000001000100100010
00001001011110001001101101101111011110001100011000111011001100100100011000001110101111000010110001101111010011011001100001010111
00011010011111111000011101000001101110101101010111011100101010010001101111111010001000100011101000101000100001101111111100010101
00100111111111001010101010101001001101011011110010010100100001001000001000101100011011011100111000101001000100111100000100110101
00001011110111111011101100101110110110110000101000011011011110100100101100010110110110110001111111111001111100110100111011100001
00110110011100100010001111101010110000010101000111101010111111000001001110101101101011000000001011101110101110100100000011111101
11110100100000000110011110110100000001001010011111101100001010110010110101111001111111011011101011111100011000100110110100110101
11111110110001101111111101001000111101111110001111110101011011110111111110110111101110011110111111101010011011111111101111000101
00010010101110010000110001010101101010010001101100101110011011001011001000100000010001000110011111010100110110000010111010010100
10101001111100101001111001010111000111001011010010001111101100111100111100011100000000010100111011100011100100010111101100010110
00111110101110001100100001111100010111011101010001000110010010000111011010100010010011101000010011111011001111010000001000100010
00010010000000000011100101010010001111110001110001110001101011110101001011100100101111110011110001110111011111110011111010110001
01101011000010000100011011001110000111100000010110011001111110110011010001100101000101011010001111010010000110110000100001000101
01000010000111101101010011100110110001111010101001001111001001011010101111111000111000000011111011010001001001101110111100000011
10010000100100111010110110000101111110010100000100001000101100111010011000110111000000101011001110001011100011110000100100110010
10110001010000010001010010111011101111111011101111101011110110101011111000100100000100101110100001100000011101001110001010001000
11101001100000010011000000011101101000101110101000101000000001101110001011000011001110101011110010111001010101000111010011000111
01111010110000000001010100010010000100001001011000010010101101100111101111101000100000110010101010110011111111001010011111010011
11010000101000011010111111100100111000111100100001010001110100011111110000001010110001110110010100110001001100100010110011110000
00000100110101100001001110001011001001011110010100010011101010011011010110100111111111001101100111111111010001010110101100111101
01100010001101111111101111100110100101001110100111000111100101011011111110001000101001110011110010011010000000001111001111001000
00001101000111111001011001001011001101101110001110111001001110001110111000010010101110111101000111110011100110001101110100011100
11001011011001000010110010000010001111101010101110010001101001101101101011001111110010111010011000011100110000010111010011001111
01000100001101111010101110100101110111001111101000110011010100101001011000011000101010010011101110000011110111111110101100000100
11000100101011011100001101011000111110001101111111011110111001100110001111001101111011111011100001011011011001101100011011110010
11111011010101000110101011011010100100101110011000101010111100100000101110101010000110100010000011000001110100101000011001000100
11101000011101000111000111000011001001111000001000010100011011000011101000101011000011010110001001101101001010101010000000110100
00101100111000110101110101101110110101101001101100011110110010110110010110000111010011101101101100111010010001001010100011010110
00011000001000101001111011011010110100010111010011111111011000101101101011011000110001100111100111001100100100111111110101100101
11100101111101000101110111010001111110000100011001101001011000110111100111001101001101011110010111111101011110010101110011101100
00100111011110110001100100110110100101110010111111101001100000001000011111110111100101110000001000111001011010111000000111010110
01000011010000011000000011111010000010100110010100100011001111010010100001010101111111111101010011010000000000001110000101011101
10110100000010100001011001000110011100000100000100101110010100101001001000111011101011000011000111110111100010110100101101101110
10101100101111111110100101111110010111110011110010110101010000100111101110011111001010100011010001001001001110100001001001000100
01000100100100010011000101111101000100000111001011011011001011011111111101011111001011010101110011100010011100001100000010011100
10011101111101001001011001111011100011011110011101111010100110100100111100000011011001101000111110100010011011010110000011000010
01000110010101111101101001111011010010100101001111111001000111001010111101001111101011111110110100010111101111000011111010001111
01101010011110110010111100000011000100011011011011100111101000010111111001011111000001111110111111111011101111001100011011011110
01001111000100100001011110000100111111110100010010110101011001110011001111100110110011010100101111101110100001011110101111100011
00101001100010000000111001000010101001001100010110001010011101100001100010101111011000100011010101000010000000011010010001100010
11000110010011011101111100110111001111010111000011111110100001100110110100010111101111101110100111110001100001000100001010110101
11001000100100111110011011000111100000100111100111001101100001111111110100001001101000010011011100010100100111100111101101001011
01011110100111011001000100100111000011001000110101111110110100010010111000100101111110100001010111100101011111010010110011111101
00011001111011011100011101000101100001000100011011000110100001011011010110101010011011110011011010010000111101111110111001101011
11011010110001011111000001101101000111010010110011111000101111000000101001101110001000111010000110001000001111101101101111100001
11100101111010010010110011111110110011001110101011110010000001001101101101011010011010101100010110011111101101111111001111000110
00001111000000010110001011110010100110110111111011111001110001111010001001100111101011110100110111010111100011110011100001000111
11100101010111111100100101111010110100011010010111011011010000010010101111101011111000000000001110110010110100011010110010000101
00011011001110001001001110101000000001010000110101000010011001111111001001101001100011011001110101000110001111010101111110110100
11101111110101100001011101110000110101100110001101001111111100100110100000001111110010101010000001000011010000000111100101111011
00110001011111000111101001011011000000111010011011100101101101101111111100111110010111001011000001000100001100000110100100011010
01101000110010111110110101111011001010010011011001111010101111111000100011100011000100110000001100100110111000010110100000110011
01111100001101110111010100001010010101101010101000110111100001110100010010010111110011010000110101011000101000011111000001100100
11010101000100001111110100001010001111110011000001010001100100100001010010111010101000000000100010000001100110011101111111010001
00110010000000110000101101110110111111100011100001011111100001011001000110101101100111010110111010000010000000100010011011100001
11010101011110001010010100100101000011111000101001110000011100000010011011111100101001001001100111011110110101011011111000000000
00100110101110000110000010000001110001100111011111000110010011100111010110010111110111000110110110001110001110111001010110101110
11100011010001001011111000000111011101011100101110000011000010000101011100100001001110101010011110100100111011110001000011101111
01010010001100011010010001111111000101111001111011001011100011011110011100110000100111110001000110101000100111011000011001011000
10000100011111111111001101101111110100011111011100010110010000110011111001111000011000011000010000010101110111110111110001000100
10100111101101000011010011000100111110110111111010010101011001100001100100001110101111100000011101011100100101011010000010100100
11100110001011000001101010010000110100010101000011101100101100000010101010111010001001100011110010110011000011101111100010000000
00000010011100001010010010010010001011110000101001001101011001101101011111011001011000111001001101000010000010110100100000100000
00110101000100100011100111101101110110110000010110011000001000000101010111111010011000100111011110010000111001001110010010010001
10010110111001101001110001111001100000101111011011110101000100111011100101101110100100011111000100001101011100101100100100100111
11111101001111011101111000000110111100000001110011011101011011000101000101011111001010010111100001111010101111001111000111111000
11000111100001110101110010001000011001100110101110011010110011100101000111110001110100000100100101110011111110010011110010011111
11100101010001101001010001100100100011110101101000111100011001011010111000010101011001010111010001111110010101100100101110010100
11010100100110001010010011010101011000110111000001000010100101110100110000111001010110001100010110000001011111001100010010110001
00011101000111100111000000111000001001100001100010101111010000000010011011100101011001000111111000011101010110001010100010100000
10001000101011111110010001011010110010000011101101110011010101011010110111110111101101001001100101011010010111010111110011011011
01111110100000001100000001000001010101111111110011110111001101111011010110000000001010110101100010101110110100110110110111001101
11010111111011011100101011001010010100101101101111011100101111110110101100111100110001010101111001000101000100001000001111110001
11011010110101001001000110101100001011011011011010010100101101001111011011101111100101101101001110010101110000110100000011100101
00100011011011001111100111111100000011010100001101100000011000001111101000011001001010110101001101101101111010111000010100111110
00101011101001010011001110110111011001111001110100001001011111100011001011101001101000000011000110000111010011010001100100001100
10000000101100010011101000001010100001101111100010110110001001101001001101100101011100100010001100001100000110000111011110010011
01001000001110101010000111000011010000000000100100110000111000101010110100000010110101011010101100001100110111101001101100001011
01101001000010111011001111011011011011110111111100101010010001010101000111011010100100100111101001101011100010101001001111111110
00111101100000010011101000111001001001010011101010010111010010101001011010011111001000110011100000111000000101111101000111010000
10011000101011001001100100100111100010010110001100110010011101010001110010100101100110101110110001010110011101101100110011101111
10110001111010001100010000100111001011001101011001011010101100100010010111101110011110000010001000101011100110110110110101111100
01000100100101111111001110001000011001110010010101001111101110011000101111110110011001000100000010111000100111101010110000101100
00110011110011011100000110110100101001110011001000001111100010000011100000001011010001000110010011010111000010000010110000100110
