0.877895959187299
0.293272029142827
0.912015735404566
0.95710855606012
0.271138721145689
0.861500576604158
0.452472250675783
0.41018539108336
0.430375686846673
0.0432864995673299
0.780607289634645
0.537345520220697
0.355031315470114
0.206967547070235
0.594420743640512
0.169575594831258
0.103062076261267
0.0396537783090025
0.789522375678644
0.982003126293421
0.865438112756237
0.984104631235823
0.394424894126132
0.32662768359296
0.285116361221299
0.333047430496663
0.65216755727306
0.545965663623065
0.961237855721265
0.504785044584423
0.689839483238757
0.383887122618034
0.295461195986718
0.479902779916301
0.766074208077043
0.127957229502499
0.370337650179863
0.026751167839393
0.181349416030571
0.0812321896664798
0.486847629537806
0.668796179117635
0.640640982426703
0.643186524510384
0.191491267643869
0.249922890914604
0.32352261361666
0.618707131128758
0.716162234544754
0.814186092466116
0.0316334064118564
0.135985773522407
0.858287452021614
0.457095606485382
0.117969879414886
0.615529692731798
0.30046216561459
0.709393663797528
0.162913279840723
0.356821874389425
0.169723194791004
0.836398175917566
0.836032374994829
0.904228531755507
0.424729082966223
0.398444024380296
0.964915302116424
0.868198912125081
0.220377456862479
0.608525767223909
0.574184701079503
0.938654443016276
0.531361794099212
0.730093290796503
0.372957894112915
0.125215627951548
0.772764829685912
0.19582768320106
0.210489240474999
0.946399533422664
0.109265166800469
0.166134434053674
0.363119314191863
0.317177295451984
0.485666207736358
0.218321707798168
0.0654362603090703
0.450412585167214
0.226485498482361
0.494999084156007
0.992189871612936
0.575246480526403
0.643422147491947
0.146616560872644
0.0291852469090372
0.66046733292751
0.916954604443163
0.855972390156239
0.134019311750308
0.0742880657780915
0.114728939719498
0.127210836624727
0.955066838301718
0.969794528791681
0.747829033061862
0.633491411805153
0.53622276079841
0.850528250448406
0.596393910236657
0.625594652956352
0.858482889365405
0.487730827881023
0.970175405731425
0.950763894012198
0.57269937521778
0.974143565632403
0.514771342510357
0.505123829236254
0.253052180167288
0.591774695785716
0.999929977348074
0.454348640749231
0.90193979954347
0.745124601759017
0.835031034890562
0.694574603810906
0.857193548465148
0.844230967573822
0.1617786064744
0.17392072500661
0.326912582619116
0.390657156705856
0.395207724301144
0.20603567827493
0.676940283970907
0.565490723354742
0.691442903131247
0.525907651754096
0.0397067796438932
0.14890615735203
0.657813508762047
0.693482040427625
0.315656859893352
0.877297825412825
0.701863574562594
0.402425368083641
0.292006965028122
0.725579172605649
0.0997655363753438
0.34601707267575
0.464709355728701
0.809555354528129
0.840470553608611
0.365254858741537
0.320173400454223
0.0848311290610582
0.184017254272476
0.871482474962249
0.997019267873839
0.857519128359854
0.343145006801933
0.860146032180637
0.410235441988334
0.339637528639287
0.673010269645602
0.722991487011313
0.831051333807409
0.82707963953726
0.00356417056173086
0.944636357482523
0.575706652831286
0.041740148793906
0.614268592791632
0.588641783921048
0.164965545525774
0.173495137365535
0.170892071910203
0.920039296150208
0.871476902160794
0.178326199529693
0.0719309314154088
0.997618380002677
0.742271052207798
0.468173337634653
0.0797296490054578
0.428779407404363
0.780521378852427
0.972708702553064
0.904193869093433
0.990922017721459
0.835208540549502
0.505906775360927
0.707973879529163
0.829730588477105
0.326563401380554
0.640337902819738
0.675651155645028
0.150563204893842
0.693108340958133
0.313896336592734
0.268543685087934
0.806238573044538
0.640379530377686
0.477081573568285
0.817694348283112
0.487039488740265
0.434956890298054
0.672892254777253
0.936539195012301
0.582617465872318
0.471932235406712
0.932081171078607
0.725563084706664
0.0542018157429993
0.0641812393441796
0.30487405997701
0.891877484042197
0.0885643903166056
0.91119804000482
0.908960816450417
0.542839901987463
0.215708398958668
0.358997617382556
0.935381350107491
0.197658038930967
0.714056087192148
0.0357357847969979
0.956763149471954
0.0280300092417747
0.399570247624069
0.200093145715073
0.171117527876049
0.186154907103628
0.14422527118586
0.210787346353754
0.865670090075582
0.0680186292156577
0.430692023364827
0.132298345444724
0.463248862186447
0.574568081879988
0.83813275792636
0.231855197343975
0.483255977742374
0.752515403786674
0.837565563153476
0.83170102792792
0.495566826546565
0.83688670839183
0.0802662561181933
0.322212249739096
0.51228329911828
0.844364980468526
0.0328507756348699
0.613175289006904
0.867823052685708
0.847625255584717
0.973683812655509
0.905575373442844
0.369699420873076
0.341429505031556
0.836393182864413
0.0421281335875392
0.599722968181595
0.597632893593982
0.901592491660267
0.525166529463604
0.365083914250135
0.990088541992009
0.272572139976546
0.692355791572481
0.798276096815243
0.948241179808974
0.274723859503865
0.0572870697360486
0.823007065337151
0.696205436252058
0.112399376928806
0.712803628062829
0.285508531611413
0.733511280734092
0.825655839405954
0.621541633270681
0.120726337889209
0.90240334183909
0.256530996644869
0.66296878666617
0.468657303601503
0.693457359215245
0.522629603045061
0.532835916383192
0.38624744862318
0.887227068422362
0.0402228140737861
0.393763847416267
0.538519720779732
0.0573430622462183
0.382658668560907
0.673455907031894
0.330389924347401
0.963367995107546
0.227910112589598
0.341957610566169
0.829768242314458
0.595075447810814
0.15444273268804
0.139109102077782
0.824538754764944
0.149355885805562
0.875505009666085
0.323403030633926
0.703473868314177
0.0162331794854254
0.30263989046216
0.288043944863603
0.6905540258158
0.755775672150776
0.509059270611033
0.831208898220211
0.356677810661495
0.886728847632185
0.243881148751825
0.437246608547866
0.324734778609127
0.189948078477755
0.0189853147603571
0.700988325756043
0.802584333112463
0.49039180832915
0.756507951300591
0.0614429386332631
0.962631035828963
0.700131543679163
0.109227794921026
0.649795686593279
0.382721289759502
0.647688407916576
0.312903803074732
0.288184839999303
0.289609934203327
0.361279658740386
0.573357126908377
0.534325746353716
0.262927488656715
0.190245487727225
0.783463571220636
0.973926146747544
0.139113331912085
0.209536792477593
0.364992683753371
0.107410963391885
0.461252884473652
0.0998556257691234
0.412520190468058
0.112062146421522
0.504610216710716
0.556610405445099
0.279510005610064
0.886051336769015
0.305274497717619
0.380812999326736
0.109522560844198
0.627256993204355
0.293667126912624
0.693563650129363
0.114799273433164
0.853729403810576
0.551171601982787
0.315537136280909
0.946527867345139
0.183234054595232
0.604228409938514
0.419918018626049
0.626114303944632
0.309918414568529
0.398129269946367
0.3355897590518
0.522596756927669
0.948463472537696
0.081981141353026
0.916321845958009
0.422498574713245
0.937356527196243
0.811039211926982
0.301922089187428
0.619028577813879
0.88855384872295
0.379576072329655
0.69977034907788
0.322618398815393
0.0373877789825201
0.552138855215162
0.190653911558911
0.600853723008186
0.0992188407108188
0.418424225412309
0.757989167002961
0.476201229728758
0.624220510246232
0.0604029775131494
0.0860966499894857
0.0183258131146431
0.600146648706868
0.271175183122978
0.276586977532133
0.318035941338167
0.153524302178994
0.618341537658125
0.0972000027541071
0.766912358812988
0.948687673546374
0.18164809118025
0.690989390714094
0.839203126495704
0.383630577009171
0.916808698093519
0.0663391356356442
0.939677783520892
0.57177475374192
0.383480292046443
0.229288807138801
0.952854187926278
0.477114719804376
0.689676666632295
0.244749273872003
0.744706016033888
0.868151643080637
0.591639079619199
0.441335839685053
0.494037455879152
0.584924108581617
0.139916507992893
0.242363190744072
0.0402575756888837
0.0203512329608202
0.374638295266777
0.0588436408434063
0.373420915100724
0.860406551044434
0.0587712645065039
0.616619448177516
0.657283017877489
0.756289498647675
0.0143773464951664
0.475670874584466
0.194067168282345
0.932166112819687
0.736315505113453
0.941648306325078
0.686538856709376
0.879871446406469
0.105596711626276
0.588451696094126
0.83427808759734
0.382860126206651
0.574756646063179
0.532260475214571
0.52236161287874
0.26982931396924
0.0707380643580109
0.78785728989169
0.0519747966900468
0.917962539941072
0.350255169905722
0.550359650747851
0.0125483942683786
0.585220710607246
0.189345387276262
0.827204989967868
0.424996342509985
0.422670115251094
0.836772101232782
0.534294576151296
0.816679129144177
0.595513067441061
0.0811879863031209
0.348917076131329
0.144376166863367
0.265947424108163
0.79391530668363
0.305742958560586
0.731591417687014
0.173972266027704
0.428380642784759
0.246900020167232
0.372506616171449
0.923484977334738
0.888544079847634
0.823859272757545
0.367535181110725
0.665425495943055
0.376766778063029
0.0823703228961676
0.856605266220868
0.566733080195263
0.934943624539301
0.612120760371909
0.446174881886691
0.360599260311574
0.828031799057499
0.463670156896114
0.82158777769655
0.578820849303156
0.301105180755258
0.260545141762123
0.51054543373175
0.432766122976318
0.346506278030574
0.278264644555748
0.594472360098734
0.466404816135764
0.156410206109285
0.875910557108
0.247702973196283
0.623481477610767
0.282620480284095
0.673201128607616
0.628523476654664
0.140267942333594
0.915475911460817
0.120170370675623
0.317806823411956
0.836342345690355
0.501067758537829
0.23298332374543
0.937453653663397
0.156110460404307
0.0585947711952031
0.0369965692516416
0.471774768549949
0.273662338964641
0.434777756920084
0.103508427971974
0.729825774440542
0.109285487327725
0.158309881808236
0.156199136981741
0.209908754564822
0.508490431588143
0.160457683028653
0.0463826167397201
0.855622975621372
0.293317503994331
0.976368837291375
0.212679142598063
0.755156218074262
0.0768687729723752
0.932529508369043
0.955084306187928
0.0181872944813222
0.17764268675819
0.98587687057443
0.995223956182599
0.968322124099359
0.498897190904245
0.915771232219413
0.0731361110229045
0.660571004264057
0.695804858347401
0.831423674710095
0.663858314743266
0.112130147172138
0.809021073859185
0.888938610907644
0.245007066987455
0.366520302370191
0.463414103724062
0.981399663258344
0.070315916556865
0.246527772163972
0.323802902363241
0.466785352909938
0.418095040600747
0.117272971896455
0.204667427344248
0.82072498020716
0.258282953407615
0.779942461522296
0.67176629556343
0.817000330192968
0.564753384562209
0.973648589802906
0.649276894284412
0.545151304919273
0.692399306921288
0.74896120140329
0.742737943306565
0.376783521845937
0.9121275015641
0.6363854422234
0.885791464708745
0.723944948753342
0.479493443388492
0.0647899336181581
0.484016607049853
0.703073967946693
0.814967148937285
0.889775384450331
0.98453947273083
0.19217186793685
0.0188915457110852
0.148026684531942
0.709594538668171
0.997152998344973
0.383666747715324
0.581692193867639
0.748178913258016
0.601577030494809
0.0512632306199521
0.214412285014987
0.929973352933303
0.951551265083253
0.794497281778604
0.244805434253067
0.854733207728714
0.1123269086238
0.26647446420975
0.863192756194621
0.586313797859475
0.515135467983782
0.76827641390264
0.972165995743126
0.389861090108752
0.357037004549056
0.981756857130677
0.573824581224471
0.0455643013119698
0.757118598558009
0.908026800258085
0.15432860981673
0.227219425607473
0.426431667990983
0.175344313960522
0.838304447708651
0.396595886675641
0.22761016106233
0.0942782671190798
0.818191491533071
0.854870228329673
0.799133145483211
0.898259986424819
0.96982439677231
0.475787514122203
0.990133102051914
0.154222083743662
0.590574830770493
0.53112167166546
0.224296679254621
0.262718258891255
0.0406057380605489
0.157562245614827
0.812513432698324
0.703278915490955
0.438494582194835
0.57122303196229
0.966969217639416
0.674803345929831
0.372020081151277
0.482897412963212
0.286042348481715
0.267840474145487
0.0642525658477098
0.997546038590372
0.884532964788377
0.617013363866135
0.554313337896019
0.308645639335737
0.634481475222856
0.274778037099168
0.290343827567995
0.684809680329636
0.0927161311265081
0.415942133171484
0.0691971557680517
0.493637557839975
0.983349255751818
0.3088698098436
0.997142160078511
0.202740507898852
0.931730978889391
0.162232295144349
0.643639234360307
0.0964261416811496
0.257837556768209
0.774625731399283
0.240005405154079
0.426143581280485
0.943424386205152
0.783506797393784
0.509671063860878
0.988428188255057
0.0805432375054806
0.3695917816367
0.0490340481046587
0.18026698124595
0.896441280143335
0.101284460397437
0.516704947920516
0.70963187282905
0.566283131716773
0.854582811938599
0.113967462442815
0.0407430904451758
0.532209150725976
0.898089229594916
0.800459981895983
0.856848404975608
0.623900638427585
0.0586149063892663
0.607406245311722
0.634394604014233
0.842029111227021
0.895992843899876
0.81893701874651
0.171567917568609
0.698511869879439
0.10633204318583
0.019733572145924
0.946923113660887
0.274373990483582
0.936860527843237
0.837452885229141
0.406490959227085
0.262702553300187
0.193305632798001
0.0142654008232057
0.997045319527388
0.266363686416298
0.409361689118668
0.160987540846691
0.53471487830393
0.151876938296482
0.485221209470183
0.338534803828225
0.267941299127415
0.346220993436873
0.832290472928435
0.246831033844501
0.0809726733714342
0.506254185223952
0.195358959492296
0.993047685595229
0.569055404048413
0.507845334941521
0.833872148068622
0.0607061646878719
0.152292525628582
0.87044894695282
0.151250869268551
0.775265115778893
0.459348465548828
0.555596690159291
0.887767674168572
0.460136594250798
0.340350785991177
0.644272859906778
0.321069985395297
0.0922667712438852
0.90308565297164
0.658653637394309
0.517577375983819
0.820176497800276
0.244024367071688
0.0854413667693734
0.655093477107584
0.982400262262672
0.0978811995591968
0.361658134497702
0.899110469967127
0.81764106079936
0.166902913711965
0.699447184801102
0.00953129353001714
0.183750951196998
0.8431608423125
0.257984645664692
0.20730936084874
0.855554111301899
0.33585181622766
0.565992627525702
0.589456347981468
0.511580769671127
0.724343415582553
0.05253274156712
0.989225269760936
0.937940443865955
0.317858306691051
0.47944557480514
0.779409201815724
0.400079417508096
0.320096032926813
0.453021801775321
0.895608210004866
0.559970640810207
0.680013981647789
0.493504260666668
0.83045416069217
0.388431703438982
0.29775004205294
0.50581006356515
0.113745702430606
0.148814156651497
0.151937752496451
0.114634074270725
0.533933898899704
0.782157142879441
0.679560935357586
0.352989009348676
0.494152084225789
0.343703699996695
0.708986958488822
0.68291364912875
0.843472170177847
0.323667332297191
0.418896041344851
0.269783254945651
0.854806046001613
0.178567213006318
0.96459334040992
0.585010581882671
0.138381599448621
0.0518093332648277
0.976946552051231
0.429375007282943
0.170489532640204
0.404739945661277
0.198877346003428
0.5285201696679
0.502704265061766
0.527232536580414
0.575766690773889
0.0472483381163329
0.282144651515409
0.250140242744237
0.675824503181502
0.0502716924529523
0.410334816901013
0.435534135671332
0.319741396699101
0.42008328391239
0.240253104129806
0.145425277296454
0.588365746662021
0.219113457947969
0.596383640309796
0.536669877590612
0.11190193425864
0.337750252103433
0.694957980653271
0.175145786721259
0.14817000227049
0.170340388081968
0.267943592742085
0.402913077035919
0.546728387475014
0.721171150915325
0.20235834736377
0.653107615187764
0.218921923078597
0.839968451764435
